

99
108
111
112
113
114
115
116
117
118

119
143
144
145
146
147
148
149
151
152

175
176
177
178
179
180
181
182
183
184

206
207
208
209
210
231
232
233
234
235

258
259
260
261
262
326
328
329
330
331

350
351
352
353
354
376
378
379
380
381

400
401
402
403
439
440
441
442
443
444

462
463
464
465
466
483
484
485
486
487

524
525
526
527
528
539
540
541
542
543

554
555
556
557
559
584
586
587
588
589

712
713
714
715
716
731
732
733
734
735

771
772
773
774
775
849
850
851
852
853

867
868
869
870
871
923
924
925
926
927


941
942
943
944
945
961
962
963
964
965

986
987
988
989
990
1026
1027
1028
1029
1030

1055
1056
1057
1058
1059
1078
1079
1080
1081
1082

1100
1101
1102
1103
1110
1120
1121
1122
1123
1124

1134
1135
1136
1139
1141
1184
1186
1187
1188
1189

1206
1207
1208
1209
1210
1270
1271
1272
1274
1275

1306
1307
1308
1309
1310
1338
1339
1340
1341
1343

1389
1391
1393
1396
1400
1417
1418
1419
1420
1421

1472
1473
1474
1475
1476
1498
1500
1501
1502
1503

1553
1554
1555
1556
1557
1582
1584
1585
1586
1587

1598
1599
1600
1601
1602
1621
1622
1623
1624
1625

1678
1679
1680
1681
1729
1745
1746
1748
1749
1750

1786
1787
1789
1790
1791
1826
1827
1828
1829
1830

1858
1859
1860
1861
1862
1874
1875
1876
1877
1878

1925
1926
1927
1928
1929
1987
1988
1989
1990
1991

2065
2066
2068
2069
2070
2129
2130
2131
2132
2133

2146
2147
2148
2149
2150
2181
2182
2183
2184
2185

2210
2211
2212
2213
2214
2228
2229
2230
2231
2232

2245
2246
2247
2248
2249
2261
2262
2263
2264
2265

2282
2283
2284
2285
2286
2292
2293
2294
2295
2296

2302
2303
2304
2305
2306
2332
2333
2334
2335
2336

2345
2346
2347
2348
2349
2360
2361
2362
2363
2364

2375
2376
2377
2378
2379
2389
2390
2391
2393
2394

2425
2426
2427
2428
2429
2430
