season 1 from episode 2
13927
13930
13931
13932
13933
13934
13935
13936
13937
13949
13950
13951
13952
13954
13955
13956
13957
13958
13959
13997
13998
13999
14000
14001
14002
14003
14004
14005
14006
14024
14022
14025
14026
14027
14028
14029
14030
14031
14032
14044
14045
14046
14047
14048
14049
14050
14051
14052
14053
14073
14074
14075
14076
14077
14078
14079
14080
14081
14082
14098
14099
14253
14254
14256
14257
14258
14259
14260
14261
14262
14287
14288
14289
14290
14291
14292
14293
14294
14295
14331
14332
14333
14334
14335
14336
14337
14338
14341
14340
14406
14407
14408
14409
14410
14411
14412
14413
14414
14415
14426
14427
14428
14429
14430
14431
14432
14433
14434
14435
14446
14447
14448
14449
14450
14451
14452
14453
14454
14455
14485
14486
14487
14488
14489
14490
14491
14492
14493
14494
14511
14512
14513
14514
14515
14516
14517
14518
14519
14520
14543
14544
14545
14546
14547
14548
14549
14550
14552
14553
14564
14565
14566
14567
14568
14569
14570
14571
14572
14573
14584
14585
14586
14587
14588
14589
14590
14591
14592
14593
14604
14605
14606
14607
14608

season 2

