8360
  8361
    8362
    8363
    8364
    8421
    8422
    8423
    8424
    8425
    8426
    8428
    8429
    8430
    8432
    8434
    8438
    8439
    8440
    8441
    8442
    8443
    8444
    8445
    8526
    8533
    8534
    8535
    8536
    8537
    8538
    8539
    8540
    8541
    8542
    8543
    8544
    8545
    8546
    8547
    8548
    8549
    8550
    8551
    8552
    8624
    8625
    8627
    8628
    8629
    8630
    8631
    8633
    8635
    8637
    8640
    8641
    8643
    8645
    8647
    8649
    8651
    8652
    8653
    8654
    8752
    8753
    8754
    8755
    8756
    8757
    8758
    8759
    8761
    8763
    8766
    8768
    8770
    8772
    8774
    8775
    8777
    8779
    8781
    8782
    8836
    8837
    8838
    8839
    8840
    8841
    8842
    8843
    8844
    8845
    8846
    8847
    8848
    8849
    8850
    8851
    8852
    8853
    8855
    8856
    8905
    8906
    8907
    8908
    8909
    8910
    8911
    8912
    8913
    8914
    8915
    8916
    8917
    8918
    8919
    8921
    8922
    8923
    8924
    8925
    8981
    8982
    8983
    8984
    8985
    8986
    8987
    8988
    
    
    
