420
421
422
423
424
425
426
428
429
430
492
493
494
495
496
497
498
499
500
501
502
503
504
505
507
508
509
510
511
512
596
597
598
599
600
601
602
603
604
605
606
607
608
609
610
611
612
614
615
616
680
681
682
683
684
685
686
687
688
689
690
691
692
693
694
695
696
697
698
699
747
748
749
750
751
752
753
754
755
756
757
758
759
760
762
763
764
765
766
767
807
808
809
810
812
813
814
815
816
817
818
819
820
821
822
823
824
825
826
827
879
880
881
882
883
885
886
887
888
889
890
892
893
894
895
896
897
898
899
900
995
996
997
998
999
1000
1001
1002
1003
1004
1005
1006
1007
1008
1009
1010
1011
1012
1013
1014
1137
1138
1140
1142
1144
1145
1146
1147
1148
1149
1150
1151
1152
1153
1154
1155
1156
1157
1158
1159
1240
1241
1242
1243
1244
1245
1246
1247
1248
1249
1250
1251
1252
1253
1254
1255
1256
1257
1258
1259
1342
1344
1345
1346
1347
1349
1350
1351
1352
1353
1354
1355
1356
1357
1358
1359
1360
1361
1362
1363
1433
1434
1435
1436
1437
1438
1439
1440
1441
1442
1443
1444
1445
1446
1447
1448
1449
1450
1452
1453
1528
1529
1530
1531
1534
1535
1536
1537
1538
1539
1540
1541
1542
1543
1544
1545
1546
1547
1548
1649
1655
1656
1657
1658
1659
1660
1661
1662
1664
1665
1667
1668
1669
1670
1671
1672
1673
1674
1675
1676
1753
1754
1755
1892
1758
1759
1760
1761
1762
1763
1764
1765
1766
1767
1768
1769
1770
1771
1772
1893
1901
1902
1904
1905
1906
1907
1908
1909
1910
1911
1912
1913
1914
1915
1916
1917
1918
1919
1920
1922
2016
2017
2018
2019
2020
2021
2022
2023
2024
2025
2027
2028
2029
2030
2031
2032
2033
2034
2035
2036
2151
2152
2154
2155
2156
2157
2158
2159
2160
2161
2162
2163
2164
2165
2166
2167
2169
2170
2171
2172
2310
2311
2312
2313
2314
2315
2316
2317
2318
2319
2320
2321
2322
2324
2325
2326
2327
2328
2329
2330
2398
2399
2400
2401
2402
2403
2404
2405
2406
2407
2408
2409
2410
2411
2412
2413
2414
2415
2416
2417
2474
2475
2476
2477
2478
2479
2480
2481
2482
2483
2484
2485
2486
2487
2488
2489
2490
2491
2492
2493
2535
2536
2537
2538
2539
2540
2541
2542
2543
2544
2545
2546
2547
2548
2550
2551
2552
2553
2554
2555
2635
2636
2637
2638
2639
2640
2641
2642
2643
2644
2645
2646
2647
2648
2649
2650
2651
2652
2653
2654



